[appsite_hero.jpg]
filters=PicnikGrain=1,10.000000,0;sat=1,1.000000;glow2=1,1.000000,3.000000;Lomo=1,97.660820,83.040932;CrossProcess=1,73.099419;finetune2=1,0.000000,0.143158,0.019649,00000000,0.707602;
moddate=596f1e2a5e4ed101
width=1792
height=1024
textactive=0
